# ═══════════════════════════════════════════════════════════════════
# sonata.txt — Sonatina in C minor for the GPU Minimoog
# run:  moog sonata.wav sonata.txt
#
# Form: EXPOSITION  Theme A (Cm, lead) -> Theme B (Eb, pad)
#       DEVELOPMENT fragments rising (sparkle patch), dominant pedal
#       RECAP       Theme A (Cm) -> Theme B in C -> CODA (C major)
#
# Patch 0 LEAD    — uses ALL TEN oscillators
# Patch 1 BASS    — 3 osc, punchy
# Patch 2 ARP     — plucky pulses, S&H filter burble
# Patch 3 PAD     — soft theme B / chords, tremolo
# Patch 4 SPARKLE — FM + ring, development fragments
# ═══════════════════════════════════════════════════════════════════
tempo 120

patch 0                       # ── LEAD: all 10 oscillators ──
osc 0 saw   0  -7 0.20
osc 1 saw   0   0 0.20
osc 2 saw   0   7 0.20
osc 3 sqr -12   0 0.13
pw  3 0.45
osc 4 sin -24   0 0.15
osc 5 sin  12   0 0.07
fm  5 1 4.0
osc 6 sin  19   0 0.05
ring 6 4
osc 7 tri   7   0 0.08
osc 8 sqr   0   3 0.07
pw  8 0.15
osc 9 noise 0   0 0.02
lfo 5.6 sin 0.07 0.05
filter 300 0.68 0.72 0.55 1.5
aenv 0.004 0.25 0.65 0.30
fenv 0.002 0.30 0.16 0.30
glide 0.04
chorus 0.5 0.005 0.35         # FX bus (read from patch 0)
reverb 0.8 0.22

patch 1                       # ── BASS ──
osc 0 saw   0   0 0.38
osc 1 sqr   0  -5 0.28
pw  1 0.30
osc 2 sin -12   0 0.45
filter 180 0.50 0.60 0.40 1.6
aenv 0.003 0.18 0.50 0.15
fenv 0.001 0.12 0.10 0.12
glide 0.02

patch 2                       # ── ARP pluck ──
osc 0 sqr   0   0 0.30
pw  0 0.20
osc 1 sqr  12   4 0.18
pw  1 0.25
osc 2 tri   0  -4 0.22
sh 6.0 0.0 0.20
filter 900 0.55 0.50 0.70 1.2
aenv 0.002 0.12 0.00 0.12
fenv 0.001 0.09 0.05 0.10

patch 3                       # ── PAD (Theme B) ──
osc 0 tri   0  -5 0.28
osc 1 tri   0   5 0.28
osc 2 sin  12   0 0.14
osc 3 sin -12   0 0.24
lfo 4.5 sin 0.04 0.03
trem 5.0 0.12
filter 700 0.30 0.35 0.50 1.1
aenv 0.25 0.40 0.80 0.80
fenv 0.30 0.50 0.50 0.60

patch 4                       # ── SPARKLE (development) ──
osc 0 sin   0   0 0.30
osc 1 sin   7   0 0.18
osc 2 sin  12   0 0.24
fm  2 0 6.0
osc 3 sin  24   2 0.10
ring 3 0
sh 8.0 0.0 0.50
filter 1400 0.70 0.60 0.60 1.3
aenv 0.002 0.15 0.30 0.20
fenv 0.001 0.12 0.10 0.15

# ═══ SEQUENCE (times in beats; 5th arg = patch) ═════════════════════
note    0.00  0.40  60 0.55 2
note    0.00  1.00  72 0.90 0
note    0.00  1.80  48 0.95 1
note    0.50  0.40  63 0.55 2
note    1.00  0.40  67 0.55 2
note    1.00  0.50  75 0.90 0
note    1.50  0.40  72 0.55 2
note    1.50  0.50  74 0.90 0
note    2.00  0.40  67 0.55 2
note    2.00  0.50  72 0.90 0
note    2.00  1.80  48 0.95 1
note    2.50  0.40  63 0.55 2
note    2.50  1.50  79 0.90 0
note    3.00  0.40  60 0.55 2
note    3.50  0.40  63 0.55 2
note    4.00  0.40  60 0.55 2
note    4.00  0.50  77 0.90 0
note    4.00  1.80  43 0.95 1
note    4.50  0.40  63 0.55 2
note    4.50  0.50  75 0.90 0
note    5.00  0.40  67 0.55 2
note    5.00  0.50  74 0.90 0
note    5.50  0.40  72 0.55 2
note    5.50  0.50  75 0.90 0
note    6.00  0.40  67 0.55 2
note    6.00  1.80  48 0.95 1
note    6.00  2.00  72 0.90 0
note    6.50  0.40  63 0.55 2
note    7.00  0.40  60 0.55 2
note    7.50  0.40  63 0.55 2
note    8.00  0.40  55 0.55 2
note    8.00  1.00  75 0.90 0
note    8.00  1.80  44 0.95 1
note    8.50  0.40  59 0.55 2
note    9.00  0.40  62 0.55 2
note    9.00  0.50  79 0.90 0
note    9.50  0.40  67 0.55 2
note    9.50  0.50  77 0.90 0
note   10.00  0.40  62 0.55 2
note   10.00  0.50  75 0.90 0
note   10.00  1.80  41 0.95 1
note   10.50  0.40  59 0.55 2
note   10.50  1.50  80 0.90 0
note   11.00  0.40  55 0.55 2
note   11.50  0.40  59 0.55 2
note   12.00  0.40  60 0.55 2
note   12.00  0.50  79 0.90 0
note   12.00  1.80  43 0.95 1
note   12.50  0.40  63 0.55 2
note   12.50  0.50  77 0.90 0
note   13.00  0.40  67 0.55 2
note   13.00  0.50  75 0.90 0
note   13.50  0.40  72 0.55 2
note   13.50  0.50  74 0.90 0
note   14.00  0.40  67 0.55 2
note   14.00  1.80  43 0.95 1
note   14.00  2.00  72 0.90 0
note   14.50  0.40  63 0.55 2
note   15.00  0.40  60 0.55 2
note   15.50  0.40  63 0.55 2
note   16.00  0.40  56 0.55 2
note   16.00  1.00  75 0.90 0
note   16.00  1.80  48 0.95 1
note   16.50  0.40  60 0.55 2
note   17.00  0.40  63 0.55 2
note   17.00  0.50  79 0.90 0
note   17.50  0.40  68 0.55 2
note   17.50  0.50  77 0.90 0
note   18.00  0.40  63 0.55 2
note   18.00  0.50  75 0.90 0
note   18.00  1.80  48 0.95 1
note   18.50  0.40  60 0.55 2
note   18.50  1.50  80 0.90 0
note   19.00  0.40  56 0.55 2
note   19.50  0.40  60 0.55 2
note   20.00  0.40  53 0.55 2
note   20.00  0.50  79 0.90 0
note   20.00  1.80  41 0.95 1
note   20.50  0.40  56 0.55 2
note   20.50  0.50  77 0.90 0
note   21.00  0.40  60 0.55 2
note   21.00  0.50  75 0.90 0
note   21.50  0.40  65 0.55 2
note   21.50  0.50  74 0.90 0
note   22.00  0.40  60 0.55 2
note   22.00  1.00  71 0.90 0
note   22.00  1.80  43 0.95 1
note   22.50  0.40  56 0.55 2
note   23.00  0.40  53 0.55 2
note   23.00  1.00  72 0.90 0
note   23.50  0.40  56 0.55 2
note   24.00  0.40  55 0.55 2
note   24.00  0.50  72 0.90 0
note   24.00  1.80  48 0.95 1
note   24.50  0.40  59 0.55 2
note   24.50  0.50  74 0.90 0
note   25.00  0.40  62 0.55 2
note   25.00  0.50  75 0.90 0
note   25.50  0.40  67 0.55 2
note   25.50  0.50  77 0.90 0
note   26.00  0.40  62 0.55 2
note   26.00  1.80  44 0.95 1
note   26.00  2.00  79 0.90 0
note   26.50  0.40  59 0.55 2
note   27.00  0.40  55 0.55 2
note   27.50  0.40  59 0.55 2
note   28.00  0.40  55 0.55 2
note   28.00  0.50  77 0.90 0
note   28.00  1.80  41 0.95 1
note   28.50  0.40  59 0.55 2
note   28.50  0.50  75 0.90 0
note   29.00  0.40  62 0.55 2
note   29.00  0.50  74 0.90 0
note   29.50  0.40  67 0.55 2
note   29.50  0.50  71 0.90 0
note   30.00  0.40  62 0.55 2
note   30.00  1.80  43 0.95 1
note   30.00  2.00  72 0.90 0
note   30.50  0.40  59 0.55 2
note   31.00  0.40  55 0.55 2
note   31.50  0.40  59 0.55 2
note   32.00  1.00  70 0.75 3
note   32.00  3.60  39 0.70 1
note   32.00  3.80  58 0.55 3
note   32.00  3.80  63 0.55 3
note   32.00  3.80  67 0.55 3
note   33.00  1.00  67 0.75 3
note   34.00  1.00  68 0.75 3
note   35.00  1.00  70 0.75 3
note   36.00  2.00  75 0.75 3
note   36.00  3.60  44 0.70 1
note   36.00  3.80  56 0.55 3
note   36.00  3.80  60 0.55 3
note   36.00  3.80  63 0.55 3
note   38.00  1.00  74 0.75 3
note   39.00  1.00  72 0.75 3
note   40.00  1.00  70 0.75 3
note   40.00  3.60  46 0.70 1
note   40.00  3.80  58 0.55 3
note   40.00  3.80  62 0.55 3
note   40.00  3.80  65 0.55 3
note   41.00  1.00  72 0.75 3
note   42.00  1.00  74 0.75 3
note   43.00  1.00  75 0.75 3
note   44.00  3.00  75 0.75 3
note   44.00  3.60  39 0.70 1
note   44.00  3.80  58 0.55 3
note   44.00  3.80  63 0.55 3
note   44.00  3.80  67 0.55 3
note   47.00  1.00  74 0.75 3
note   48.00  2.00  72 0.75 3
note   48.00  3.60  48 0.70 1
note   48.00  3.80  55 0.55 3
note   48.00  3.80  60 0.55 3
note   48.00  3.80  63 0.55 3
note   50.00  2.00  70 0.75 3
note   52.00  1.00  70 0.75 3
note   52.00  3.60  46 0.70 1
note   52.00  3.80  58 0.55 3
note   52.00  3.80  62 0.55 3
note   52.00  3.80  65 0.55 3
note   53.00  1.00  72 0.75 3
note   54.00  2.00  74 0.75 3
note   56.00  2.00  72 0.75 3
note   56.00  3.60  44 0.70 1
note   56.00  3.80  56 0.55 3
note   56.00  3.80  60 0.55 3
note   56.00  3.80  63 0.55 3
note   58.00  2.00  70 0.75 3
note   60.00  3.60  46 0.70 1
note   60.00  3.80  58 0.55 3
note   60.00  3.80  62 0.55 3
note   60.00  3.80  65 0.55 3
note   60.00  4.00  70 0.75 3
note   64.00  1.00  77 0.60 4
note   64.00  3.80  43 0.90 1
note   65.00  0.50  80 0.60 4
note   65.50  0.50  79 0.60 4
note   66.00  0.50  77 0.60 4
note   66.50  1.50  84 0.70 4
note   68.00  1.00  75 0.68 4
note   68.00  3.80  43 0.90 1
note   69.00  0.50  78 0.68 4
note   69.50  0.50  77 0.68 4
note   70.00  0.50  75 0.68 4
note   70.50  1.50  82 0.78 4
note   72.00  1.00  74 0.76 4
note   72.00  3.80  41 0.90 1
note   73.00  0.50  77 0.76 4
note   73.50  0.50  76 0.76 4
note   74.00  0.50  74 0.76 4
note   74.50  1.50  81 0.86 4
note   76.00  0.45  68 0.70 4
note   76.00  3.80  44 0.90 1
note   76.50  0.45  70 0.74 4
note   77.00  0.45  71 0.78 4
note   77.50  0.45  74 0.82 4
note   78.00  0.45  75 0.86 4
note   78.50  0.45  77 0.90 4
note   79.00  0.45  79 0.94 4
note   79.50  0.45  80 0.98 4
note   80.00  0.45  79 0.95 0
note   80.00  3.80  43 0.90 1
note   80.50  0.45  80 0.95 0
note   81.00  0.45  79 0.95 0
note   81.50  0.45  80 0.95 0
note   82.00  0.45  79 0.95 0
note   82.50  0.45  80 0.95 0
note   83.00  0.45  79 0.95 0
note   83.50  0.45  80 0.95 0
note   84.00  4.00  79 1.00 0
note   84.00 42.80   4 0.90 1
note   88.00  0.40  55 0.50 2
note   88.00  7.50  43 0.95 1
note   88.50  0.40  59 0.53 2
note   89.00  0.40  62 0.56 2
note   89.50  0.40  65 0.59 2
note   90.00  0.40  55 0.62 2
note   90.50  0.40  59 0.65 2
note   91.00  0.40  62 0.68 2
note   91.50  0.40  65 0.71 2
note   92.00  0.40  67 0.74 2
note   92.50  0.40  71 0.77 2
note   93.00  0.40  74 0.80 2
note   93.50  0.40  77 0.83 2
note   94.00  0.40  67 0.86 2
note   94.50  0.40  71 0.89 2
note   95.00  0.40  74 0.92 2
note   95.50  0.40  77 0.95 2
note   96.00  0.40  60 0.55 2
note   96.00  1.00  72 0.95 0
note   96.00  1.80  48 0.95 1
note   96.50  0.40  63 0.55 2
note   97.00  0.40  67 0.55 2
note   97.00  0.50  75 0.95 0
note   97.50  0.40  72 0.55 2
note   97.50  0.50  74 0.95 0
note   98.00  0.40  67 0.55 2
note   98.00  0.50  72 0.95 0
note   98.00  1.80  48 0.95 1
note   98.50  0.40  63 0.55 2
note   98.50  1.50  79 0.95 0
note   99.00  0.40  60 0.55 2
note   99.50  0.40  63 0.55 2
note  100.00  0.40  60 0.55 2
note  100.00  0.50  77 0.95 0
note  100.00  1.80  43 0.95 1
note  100.50  0.40  63 0.55 2
note  100.50  0.50  75 0.95 0
note  101.00  0.40  67 0.55 2
note  101.00  0.50  74 0.95 0
note  101.50  0.40  72 0.55 2
note  101.50  0.50  75 0.95 0
note  102.00  0.40  67 0.55 2
note  102.00  1.80  48 0.95 1
note  102.00  2.00  72 0.95 0
note  102.50  0.40  63 0.55 2
note  103.00  0.40  60 0.55 2
note  103.50  0.40  63 0.55 2
note  104.00  0.40  55 0.55 2
note  104.00  1.00  75 0.95 0
note  104.00  1.80  44 0.95 1
note  104.50  0.40  59 0.55 2
note  105.00  0.40  62 0.55 2
note  105.00  0.50  79 0.95 0
note  105.50  0.40  67 0.55 2
note  105.50  0.50  77 0.95 0
note  106.00  0.40  62 0.55 2
note  106.00  0.50  75 0.95 0
note  106.00  1.80  41 0.95 1
note  106.50  0.40  59 0.55 2
note  106.50  1.50  80 0.95 0
note  107.00  0.40  55 0.55 2
note  107.50  0.40  59 0.55 2
note  108.00  0.40  60 0.55 2
note  108.00  0.50  79 0.95 0
note  108.00  1.80  43 0.95 1
note  108.50  0.40  63 0.55 2
note  108.50  0.50  77 0.95 0
note  109.00  0.40  67 0.55 2
note  109.00  0.50  75 0.95 0
note  109.50  0.40  72 0.55 2
note  109.50  0.50  74 0.95 0
note  110.00  0.40  67 0.55 2
note  110.00  1.80  43 0.95 1
note  110.00  2.00  72 0.95 0
note  110.50  0.40  63 0.55 2
note  111.00  0.40  60 0.55 2
note  111.50  0.40  63 0.55 2
note  112.00  1.00  67 0.80 3
note  112.00  3.60  36 0.80 1
note  112.00  3.80  55 0.50 3
note  112.00  3.80  60 0.50 3
note  112.00  3.80  64 0.50 3
note  113.00  1.00  64 0.80 3
note  114.00  1.00  65 0.80 3
note  115.00  1.00  67 0.80 3
note  116.00  2.00  72 0.80 3
note  116.00  3.60  43 0.80 1
note  116.00  3.80  55 0.50 3
note  116.00  3.80  59 0.50 3
note  116.00  3.80  62 0.50 3
note  118.00  1.00  71 0.80 3
note  119.00  1.00  72 0.80 3
note  120.00  7.00  36 0.95 1
note  120.00  7.00  55 0.70 3
note  120.00  7.00  60 0.70 3
note  120.00  7.00  64 0.70 3
note  120.00  7.00  67 0.70 3
note  120.00  7.00  72 0.70 3
note  121.00  6.00  84 0.85 0
